0.00
0.00
0.00
0.00
0.00
0.00
0.00
0.00
0.00
0.00
0.00
0.00
0.00
0.00
0.00
0.00
0.00
0.00
0.00
0.00
0.00
0.00
0.00
0.00
0.00
0.00
0.00
0.00
0.00
0.00
0.00
0.20
0.89
1.66
2.14
2.33
2.35
2.29
2.22
2.15
2.11
2.08
2.07
2.06
2.06
2.06
2.06
2.06
2.06
2.06
2.06
1.87
1.19
0.41
-0.07
-0.27
-0.29
-0.23
-0.16
-0.32
-1.08
-1.98
-2.55
-2.77
-2.79
-2.73
-2.64
-2.56
-2.51
-2.48
-2.46
-2.45
-2.45
-2.45
-2.45
-2.45
-2.45
-2.45
-2.45
-2.24
-1.45
-0.51
0.08
0.31
0.34
0.28
0.19
0.11
0.21
0.98
2.08
2.86
3.20
3.27
3.21
3.10
3.01
2.94
2.90
2.88
2.87
2.86
2.86
2.86
2.86
2.86
2.86
2.86
2.72
1.94
0.81
0.02
-0.33
-0.41
-0.35
-0.25
-0.15
-0.08
0.09
0.75
1.62
2.21
2.46
2.51
2.46
2.38
2.31
2.26
2.23
2.21
2.20
2.20
2.20
2.20
2.20
2.20
2.20
2.20
2.08
1.45
0.57
-0.42
-1.86
-3.12
-3.78
-3.95
-3.89
-3.74
-3.59
-3.47
-3.40
-3.36
-3.33
-3.33
-3.32
-3.32
-3.32
-3.32
-3.32
-3.32
-3.31
-2.92
-1.76
-0.54
0.18
0.45
0.46
0.35
-0.12
-1.21
-2.27
-2.87
-3.10
-3.11
-3.03
-2.93
-2.85
-2.80
-2.77
-2.75
-2.74
-2.74
-2.74
-2.74
-2.74
-2.74
-2.74
-2.73
-2.39
-1.42
-0.42
0.16
0.37
0.38
0.30
0.20
0.12
0.25
1.01
1.97
2.60
2.85
2.89
2.82
2.73
2.65
2.59
2.56
2.54
2.54
2.53
2.53
2.53
2.53
2.53
2.53
2.53
2.35
1.46
-0.29
-2.19
-3.41
-3.90
-3.95
-3.81
-3.61
-3.45
-3.33
-3.26
-3.23
-3.21
-3.20
-3.20
-3.20
-3.20
-3.20
-3.20
-3.20
-3.10
-2.35
-1.09
-0.12
0.34
0.46
0.40
0.29
0.18
0.10
0.05
0.02
0.01
0.00
0.00
-0.01
-0.28
-1.13
-2.04
-2.58
-2.79
-2.80
-2.73
-2.64
-2.57
-2.52
-2.49
-2.47
-2.46
-2.46
-2.46
-2.46
-2.46
-2.46
-2.46
-2.45
-2.19
-1.35
-0.43
0.12
0.33
0.35
0.56
1.37
2.27
2.81
3.00
3.01
2.93
2.83
2.75
2.69
2.66
2.64
2.63
2.63
2.63
2.63
2.63
2.63
2.63
2.62
2.36
1.47
0.48
-0.11
-0.35
-0.37
-0.29
-0.20
-0.12
-0.06
-0.03
-0.01
-0.00
-0.00
-0.00
