0.00
0.00
0.00
0.00
0.00
0.00
0.00
0.00
0.00
0.00
0.00
0.00
0.00
0.00
0.00
0.00
0.00
0.00
0.00
0.00
0.00
0.00
0.00
0.00
0.00
0.00
0.00
0.00
0.00
0.00
0.00
0.00
0.00
0.00
0.00
0.00
0.00
0.00
0.00
0.00
0.00
0.00
0.00
-0.00
-0.03
-0.42
-0.94
-0.85
-0.45
-0.15
0.01
0.08
0.09
0.07
0.05
0.03
0.01
0.01
0.00
0.00
0.00
0.00
0.00
0.00
0.00
0.00
0.00
0.00
0.02
0.42
1.12
1.28
1.31
1.03
0.50
0.11
-0.09
-0.15
-0.14
-0.10
-0.06
-0.03
-0.02
-0.01
-0.00
-0.00
-0.00
-0.00
0.00
0.00
0.00
0.00
0.00
0.00
0.00
0.19
0.81
1.01
0.57
-0.39
-1.01
-0.42
0.44
0.59
0.38
0.18
0.05
-0.02
-0.04
-0.04
-0.03
-0.02
-0.01
-0.00
-0.00
-0.00
-0.00
0.00
0.00
0.00
0.00
0.00
0.00
0.00
0.00
0.00
0.00
0.00
0.00
0.00
0.00
0.00
0.00
0.00
0.00
0.00
0.00
0.00
0.00
0.00
0.00
0.00
0.00
0.00
0.00
0.00
0.00
0.00
0.00
0.00
0.00
0.00
0.00
0.00
0.00
0.00
0.00
0.00
0.00
0.00
0.00
0.00
0.00
0.00
0.00
0.00
0.00
0.00
0.00
0.12
0.70
1.04
0.73
0.01
-0.85
-0.97
-0.42
0.46
0.79
0.63
0.86
1.30
1.28
1.22
0.85
0.37
0.37
0.78
0.72
0.35
0.08
-0.06
-0.11
-0.10
-0.08
-0.05
-0.03
-0.01
-0.01
-0.00
-0.00
-0.00
0.00
0.00
0.00
0.00
0.00
0.00
0.00
0.00
0.00
0.00
0.00
0.00
0.00
0.00
0.00
0.00
0.00
0.00
0.00
0.00
0.00
0.00
0.00
0.00
0.00
0.00
0.00
0.00
0.00
0.00
0.05
0.47
0.87
0.70
0.35
0.10
-0.03
-0.08
-0.08
-0.06
-0.04
-0.02
-0.01
-0.00
-0.00
-0.00
-0.00
0.00
0.00
0.00
0.00
0.00
0.00
0.00
0.00
0.08
0.60
1.01
0.47
-0.56
-0.87
-0.89
-1.39
-1.40
-0.69
0.39
0.97
0.80
0.45
0.18
0.03
-0.04
-0.06
-0.05
-0.03
-0.02
-0.01
-0.00
-0.00
-0.00
-0.00
0.00
0.00
0.00
0.00
0.00
0.00
0.00
-0.00
-0.12
-0.82
-1.21
-0.40
0.50
0.52
-0.40
-1.20
-1.03
-0.53
-0.17
0.02
0.10
0.11
0.09
0.05
0.03
0.01
0.00
0.00
0.00
0.00
0.00
0.00
