0.00
0.00
0.00
0.00
0.00
0.00
0.00
0.00
0.00
0.00
0.00
0.00
0.00
0.00
0.00
0.00
0.00
0.00
0.00
0.00
0.00
0.01
0.27
1.06
1.89
2.37
2.55
2.56
2.50
2.41
2.35
2.30
2.27
2.26
2.25
2.25
2.25
2.25
2.25
2.25
2.25
2.24
1.99
1.21
0.38
-0.11
-0.30
-0.41
-0.98
-1.88
-2.53
-2.82
-2.87
-2.81
-2.72
-2.63
-2.56
-2.53
-2.51
-2.50
-2.49
-2.49
-2.49
-2.49
-2.49
-2.49
-2.49
-2.40
-1.78
-0.80
-0.07
0.27
0.35
0.27
-0.40
-1.76
-2.93
-3.55
-3.76
-3.74
-3.64
-3.52
-3.43
-3.37
-3.34
-3.32
-3.31
-3.31
-3.31
-3.31
-3.31
-3.31
-3.31
-3.27
-2.71
-1.45
-0.32
0.27
0.46
0.44
0.33
0.22
0.13
0.27
1.11
2.16
2.84
3.12
3.16
3.09
2.99
2.90
2.84
2.80
2.78
2.78
2.77
2.77
2.77
2.77
2.77
2.77
2.77
2.57
1.67
0.04
-1.87
-3.23
-3.84
-3.95
-3.82
-3.63
-3.46
-3.33
-3.25
-3.21
-3.19
-3.18
-3.18
-3.18
-3.18
-3.18
-3.18
-3.18
-3.14
-2.60
-1.39
-0.40
-0.53
-1.51
-2.42
-2.95
-3.17
-3.22
-3.17
-3.10
-3.04
-3.00
-2.98
-2.97
-2.96
-2.96
-2.96
-2.96
-2.96
-2.96
-2.96
-2.88
-2.20
-1.04
-0.13
0.31
0.42
0.38
0.27
0.17
0.09
0.05
0.02
0.01
0.00
0.00
0.00
0.00
0.00
0.00
0.00
0.00
-0.00
-0.09
-0.88
-2.27
-3.37
-3.91
-4.05
-4.00
-3.88
-3.76
-3.67
-3.61
-3.58
-3.56
-3.55
-3.55
-3.55
-3.55
-3.55
-3.55
-3.55
-3.47
-2.66
-0.86
1.08
2.32
2.82
2.88
2.73
2.54
2.37
2.25
2.18
2.15
2.13
2.12
2.12
2.12
2.12
2.12
2.12
2.12
2.09
1.68
0.86
0.17
-0.19
-0.16
0.50
1.39
2.00
2.28
2.36
2.33
2.26
2.20
2.15
2.13
2.11
2.10
2.10
2.10
2.10
2.10
2.10
2.10
2.10
1.97
1.34
0.52
-0.02
-0.26
-0.30
-0.25
-0.17
-0.10
-0.06
-0.03
-0.01
-0.00
-0.00
0.06
0.52
1.31
1.92
2.22
2.30
2.27
2.20
2.13
2.07
2.04
2.02
2.02
2.01
2.01
2.01
2.01
2.01
2.01
2.01
1.96
1.51
0.72
0.10
-0.20
-0.29
-0.26
-0.19
-0.12
-0.07
-0.03
-0.01
-0.01
-0.00
-0.00
-0.00
0.00
0.00
0.00
0.00
0.00
0.00
0.00
0.00
0.00
0.00
