0.00
0.00
0.00
0.00
0.00
0.00
0.00
0.00
0.00
0.00
0.00
0.00
0.00
0.00
0.00
0.00
0.00
0.00
0.00
0.00
0.01
0.27
0.83
0.88
0.50
-0.18
-1.03
-1.39
-1.73
-1.49
-0.80
-0.24
0.06
0.16
0.17
0.13
0.08
0.05
0.02
0.01
0.00
0.00
0.00
0.00
0.00
0.00
0.00
0.00
0.00
0.00
0.00
0.00
0.23
0.90
0.93
-0.09
-0.79
-0.70
-0.40
-0.17
-0.03
0.04
0.05
0.05
0.03
0.02
0.01
0.00
0.00
0.00
0.00
0.00
0.00
0.00
0.00
0.00
0.00
0.00
0.00
-0.00
-0.02
-0.48
-1.28
-1.29
-1.17
-1.29
-0.94
-0.39
-0.04
0.12
0.16
0.14
0.10
0.06
0.03
0.02
0.01
0.00
0.00
0.00
0.00
0.00
0.00
0.00
0.00
0.00
0.00
-0.00
-0.05
-0.53
-1.04
-0.89
-0.87
-1.24
-1.18
-1.36
-1.39
-0.84
-0.28
0.04
0.16
0.18
0.14
0.10
0.06
0.03
0.01
0.01
0.00
0.00
0.00
0.00
0.00
0.00
0.00
0.00
0.00
0.00
0.00
0.00
0.00
0.00
0.00
0.00
0.00
0.00
0.00
0.00
0.00
0.00
0.00
0.00
0.00
0.00
0.00
0.00
0.00
0.00
0.00
0.00
-0.00
-0.12
-0.71
-1.05
-1.03
-1.21
-0.98
-0.48
-0.10
0.08
0.14
0.13
0.10
0.06
0.03
0.02
0.01
0.00
0.00
0.00
0.00
0.00
0.00
0.00
0.00
0.00
0.00
0.00
0.06
0.58
1.10
0.91
0.62
0.87
0.91
0.53
0.16
-0.03
-0.11
-0.11
-0.09
-0.06
-0.04
-0.02
-0.01
-0.00
-0.00
-0.00
-0.00
0.00
0.00
0.00
0.00
0.00
0.00
0.00
0.00
0.00
0.00
0.00
0.00
0.00
0.00
0.00
0.00
0.00
0.00
0.00
0.00
0.00
0.00
0.00
0.00
0.00
0.00
0.00
0.00
-0.00
-0.02
-0.42
-1.24
-1.29
-0.90
-1.15
-1.31
-0.66
0.37
0.80
0.64
0.55
0.85
0.83
0.47
0.15
-0.01
-0.08
-0.09
-0.07
-0.05
-0.03
-0.01
-0.01
-0.00
-0.00
-0.00
-0.00
0.00
0.00
0.00
0.00
0.00
0.00
0.00
0.00
-0.00
-0.16
-0.87
-1.21
-0.83
-0.37
-0.07
0.07
0.11
0.10
0.07
0.04
0.02
0.01
0.00
0.00
0.00
0.00
0.00
0.00
0.00
0.00
0.00
0.00
0.00
0.00
0.02
0.35
0.88
0.84
0.46
0.16
-0.01
-0.07
-0.09
-0.07
-0.05
-0.03
-0.01
-0.00
